word,aqua #00ffff,black #000000,blue #0000ff,brown #A52A2A,fuchsia #ff00ff,gold #ffd700,gray #808080,green #008000,lime #00ff00,maroon #800000,navy #000080,olive #808000,orange #ffa500,purple #800080,red #ff0000,silver #c0c0c0,teal #008080,white #ffffff,yellow #ffff00
abuse,0.88193456614509,24.039829302987,1.5078236130868,5.6899004267425,2.2475106685633,1.1379800853485,4.950213371266,1.2517780938834,1.6216216216216,13.911806543385,2.4182076813656,3.0156472261735,1.7069701280228,3.6130867709815,26.657183499289,1.4509246088193,1.4224751066856,0.93883357041252,1.5362731152205
accessible,6.353591160221,2.9005524861878,12.707182320442,1.3812154696133,3.3494475138122,5.3867403314917,2.3480662983425,12.776243093923,11.671270718232,1.3466850828729,3.6947513812155,1.6229281767956,5.3522099447514,2.6243093922652,3.6256906077348,2.9696132596685,5.4903314917127,8.3908839779006,6.0082872928177
addiction,1.9425675675676,18.918918918919,2.0833333333333,3.5191441441441,5.4617117117117,1.829954954955,7.1509009009009,2.7871621621622,3.9977477477477,6.7849099099099,2.1677927927928,5.5461711711712,2.7308558558559,5.0394144144144,20.411036036036,1.9144144144144,1.9707207207207,2.027027027027,3.7162162162162
agile,12.29573535273,3.1088082901554,7.4332403347947,1.315265045835,4.7429254683141,5.1813471502591,2.0526106018334,4.5834994021523,12.873654842567,1.315265045835,1.9131127939418,1.0362694300518,5.4005579912316,2.0526106018334,9.0075727381427,2.6106018333998,3.1885213232363,5.1016341171782,14.786767636509
amusing,5.4343807763401,1.6635859519409,3.7153419593346,1.1829944547135,19.09426987061,8.3918669131238,1.2384473197782,2.1256931608133,9.9075785582255,1.2569316081331,0.88724584103512,0.62846580406654,8.8724584103512,4.0850277264325,8.0221811460259,0.64695009242144,1.4417744916821,0.83179297597043,20.573012939002
anger,0.46216060080878,5.4881571346043,1.2131715771231,5.7192374350087,1.3287117273252,0.92432120161756,0.80878105141537,0.98209127671866,1.2709416522241,9.3587521663778,0.51993067590988,0.63547082611207,1.9064124783362,0.86655112651646,64.586943963027,0.75101097631427,1.0398613518198,0.75101097631427,1.3864818024263
anticipation,7.5221238938053,2.0227560050569,5.7522123893805,2.1491782553729,6.3211125158028,8.5335018963338,2.9077117572693,4.0455120101138,4.8672566371681,3.6030341340076,3.6662452591656,1.8331226295828,9.5448798988622,4.9936788874842,9.9873577749684,3.0341340075853,5.1201011378003,4.3615676359039,9.7345132743363
art deco,5.3785227482041,7.0547062074047,3.5365629029287,5.3969423466568,8.1967213114754,5.2864247559403,5.7653343157119,3.4076257137594,3.4628845091177,4.5496408178302,2.5603241849328,5.1206483698655,8.3993368944557,6.4284398600111,6.0232086940505,4.5312212193774,6.5021182538221,4.2365076441334,4.1628292503223
authentic,2.5629980615981,8.0120611673487,8.4428171440879,4.5013999569244,2.5414602627611,4.0060305836743,4.6306267499462,8.2489769545552,3.166056429033,5.3413741115658,10.445832435925,4.0060305836743,4.6521645487831,3.4029722162395,4.4152487615766,2.4122334697394,4.0921817790222,12.233469739393,2.8860650441525
authority,0.90838809431774,21.74333204484,6.2040974101276,2.4739080015462,1.3915732508697,1.1209895632006,6.9385388480866,2.2999613451875,0.90838809431774,8.5427135678392,18.438345574024,1.5075376884422,1.0243525318902,3.9814456899884,16.582914572864,1.4109006571318,1.4302280633939,1.6041747197526,1.4882102821801
average,1.3530655391121,2.5158562367865,4.6088794926004,4.4397463002114,1.2473572938689,2.8964059196617,24.862579281184,5.5602536997886,1.5644820295983,1.7970401691332,3.3615221987315,5.5179704016913,5.3276955602537,1.5644820295983,2.6215644820296,18.541226215645,4.3763213530655,5.1162790697674,2.7272727272727
baby,31.827242524917,1.1960132890365,3.3887043189369,0.79734219269103,20.265780730897,4.1860465116279,1.063122923588,1.3953488372093,1.8604651162791,0.86378737541528,0.83056478405316,0.83056478405316,2.6910299003322,1.6611295681063,1.9269102990033,1.4285714285714,2.0265780730897,13.887043189369,7.8737541528239
beach,21.385902031063,1.284348864994,7.9450418160096,0.56750298685783,1.10513739546,22.819593787336,1.0454002389486,0.7168458781362,0.74671445639188,0.77658303464755,2.0310633213859,1.4038231780167,12.15651135006,0.56750298685783,1.194743130227,0.86618876941458,4.0621266427718,2.6881720430108,16.636798088411
beauty,5.9271343121262,3.1538879825992,5.5646184520573,3.3532717056371,22.42160594526,3.1901395686061,1.4319376472721,3.1720137756027,2.6463657785028,3.6432843936922,2.6644915715063,0.76128330614464,2.8457495015407,12.814935653435,8.5191227116186,0.92441544317564,3.6795359796991,9.1897770527461,4.0964292187783
beer,0.74821080026025,2.2771633051399,1.4313597918022,4.619388418998,1.0735198438517,24.853610930384,1.7891997397528,2.7325959661679,1.1385816525699,4.8796356538712,1.0084580351334,8.1327260897853,32.823682498373,1.2036434612882,2.0494469746259,1.8217306441119,0.71567989590111,0.78074170461939,5.9206245933637
benign,7.0913461538462,4.0264423076923,4.0564903846154,2.3137019230769,3.4254807692308,3.8161057692308,6.1598557692308,8.4435096153846,7.5420673076923,2.1334134615385,2.34375,4.5372596153846,4.4471153846154,2.2836538461538,2.3737980769231,11.268028846154,5.3185096153846,14.032451923077,4.3870192307692
bitter,1.3207547169811,10.161725067385,1.3207547169811,5.4986522911051,2.0485175202156,4.743935309973,5.6603773584906,4.4204851752022,6.4959568733154,7.0350404312668,2.0485175202156,22.452830188679,5.7142857142857,2.9380053908356,4.8247978436658,1.4285714285714,3.1536388140162,1.1051212938005,7.6280323450135
blend,2.5806451612903,4.3463497453311,2.1731748726655,6.0780984719864,3.3955857385399,3.3955857385399,10.084889643463,4.3123938879457,2.1052631578947,4.0067911714771,1.8336162988115,16.196943972835,8.4550084889643,6.213921901528,2.2410865874363,6.893039049236,9.3039049235993,4.5500848896435,1.8336162988115
blissful,15.23915461624,1.4089729328884,5.8027437893956,1.4275120504264,14.96106785317,6.5628476084538,1.3162773451984,2.7437893956248,4.8201705598813,1.2050426399703,2.0393029291806,0.53763440860215,4.9870226177234,3.8561364479051,4.9314052651094,1.2606599925844,4.0229885057471,6.4886911383018,16.388579903597
bold,1.9037729318103,18.778123918311,6.386292834891,1.7133956386293,5.797853928695,1.6268605053652,2.3710626514365,1.7480096919349,3.5998615437868,5.7805469020422,4.4132917964694,0.9865005192108,2.6479750778816,2.8383523710627,29.768085842852,1.2807199723088,1.159570785739,2.0768431983385,5.122879889235
book,1.2076816471986,7.0085131657098,4.652544050683,10.690952286676,1.2274797069887,2.4945555335577,6.0780043555732,5.5632548010295,1.3462680657296,11.641259156603,5.8404276380915,7.8400316768957,4.513957632152,1.9204117996436,2.1381904573352,5.8800237576717,3.9992080776084,14.294199168481,1.6630370223718
boss,1.1357340720222,23.019390581717,5.0692520775623,3.9335180055402,1.7174515235457,1.3296398891967,10.083102493075,2.7423822714681,1.2465373961219,8.3102493074792,13.711911357341,2.1883656509695,2.1606648199446,3.3795013850416,12.631578947368,1.9113573407202,2.2437673130194,1.6620498614958,1.5235457063712
brooklyn,1.0822510822511,11.235733963007,3.9748130657222,8.1070444706808,1.7512790240063,1.7512790240063,24.163715072806,3.7977174340811,1.4954742227469,9.1696182605274,5.2144824872098,7.3593073593074,3.4632034632035,2.8138528138528,3.62062180244,4.9390003935458,3.1877213695396,1.1019283746556,1.7709563164109
busy,2.1046301864101,5.4519943876528,5.0110242533574,3.4475846863099,4.9108037682902,3.2471437161756,7.3160954099018,1.7438364401684,5.832832230908,6.0132291040289,4.0889957907396,1.8039687312087,5.131288835438,2.565644417719,27.159751453197,2.004409701343,2.1647624774504,1.0022048506715,8.9997995590299
calming,14.199698946312,1.9066733567486,7.2085633049005,1.3714668004683,1.5387188493059,3.1443385181468,3.0774376986118,7.660143836762,1.9401237665161,1.1874895467469,8.011373139321,2.2913530690751,2.8432848302392,2.3582538886101,1.5387188493059,6.4726542900151,22.562301388192,9.332664325138,1.3547415955845
capable,3.8356164383562,4.2922374429224,12.146118721461,3.1050228310502,2.8310502283105,4.3835616438356,2.7397260273973,7.4885844748858,6.1187214611872,3.1050228310502,13.424657534247,2.648401826484,5.9360730593607,4.0182648401826,6.6666666666667,1.1872146118721,10.776255707763,2.0091324200913,3.2876712328767
car,0.77477477477477,15.513513513514,5.5855855855856,2.1081081081081,1.3153153153153,1.3153153153153,13.099099099099,2.1441441441441,0.95495495495495,4.3423423423423,6.2162162162162,1.045045045045,1.5315315315315,1.4054054054054,26.09009009009,9.1531531531532,1.6936936936937,4.1441441441441,1.5675675675676
cat,1.0807374443738,24.53909726637,1.8118245390973,4.3865225683408,3.0514939605849,5.6261919898284,12.205975842339,1.9707565162111,1.4621741894469,3.3375715193897,1.7482517482517,3.2422123331214,16.560712015257,2.3839796567069,2.1614748887476,6.2301335028608,1.6846789574062,4.0050858232676,2.511125238398
certain,2.0892687559354,15.004748338082,8.7052864830643,2.5957581513137,1.9626464070909,2.5957581513137,4.8433048433048,6.9958847736626,5.9512503956948,3.5770813548591,13.137068692624,1.8043684710351,3.4504590060146,3.2288698955366,7.5973409306743,2.8490028490028,3.4821145932257,6.3311174422286,3.7986704653371
charity,7.0620190131281,1.9239474875509,6.858306926211,2.1729289271163,7.1751923947488,6.7904028972386,1.4712539610684,10.366681756451,5.6813037573563,2.0823902218198,3.2367587143504,1.8560434585785,6.0887279311906,5.4096876414667,5.5454956994115,1.9918515165233,5.4323223177909,11.045722046175,7.8089633318244
cheerful,4.6408019305736,1.7078151104511,2.5617226656766,0.89103397067013,12.121774642658,8.8732132912567,1.1509188787823,1.5964358641173,6.7013179877483,0.74252830889178,0.96528680155931,0.40839056989048,7.1468349730833,1.5407462409504,6.367180248747,0.48264340077965,0.87247076294784,0.72396510116948,40.504919250046
chicago,3.3809385018945,6.3246866802681,7.3447974351501,5.2754299038181,2.2442436607403,2.7397260273973,18.157971436899,3.0020402215098,1.3990090352667,6.3538327018362,6.6161468959487,2.8271640921014,4.3136111920723,2.3025357038764,11.833284756631,7.315651413582,4.2261731273681,2.0402215097639,2.3025357038764
classic,1.4684287812041,19.73201174743,3.9831130690162,5.0844346549192,1.3950073421439,2.5330396475771,9.5264317180617,2.7716593245228,0.88105726872247,8.1497797356828,9.2327459618209,3.9831130690162,2.7165932452276,2.3494860499266,3.4691629955947,7.5991189427313,3.1571218795888,10.68281938326,1.2848751835536
classy,1.657824933687,25.884173297966,3.0725022104332,3.0725022104332,3.0282935455349,2.4535809018568,6.3881520778073,1.9230769230769,0.9946949602122,7.1618037135279,8.6206896551724,1.657824933687,2.210433244916,8.289124668435,3.4261715296198,5.4376657824934,4.1998231653404,8.7312113174182,1.790450928382
clean,12.775842044135,1.8251202920192,3.0197444831591,0.43139206902273,1.2609922017588,0.92915214866434,1.4103202256512,1.3937282229965,2.6215364194458,0.49776007964161,0.96233615397378,0.31524805043969,0.87937614070018,0.91256014600962,1.0784801725568,2.0242243238759,1.0784801725568,64.194458271113,2.3892483822797
cold,30.56129476584,2.5137741046832,14.462809917355,0.51652892561983,0.79201101928375,0.82644628099174,5.1825068870523,0.74035812672176,0.6370523415978,0.60261707988981,11.570247933884,0.39600550964187,1.0502754820937,1.1363636363636,1.6528925619835,7.2141873278237,7.1280991735537,12.379476584022,0.6370523415978
colonial,1.4643968515468,3.9721764598206,6.2236866190738,9.024345597657,1.4094819696138,3.4047226798462,5.418268350723,6.3884312648728,1.2813472451034,9.5551894563427,9.8297638660077,11.349075599487,6.4433461468058,2.6908292147172,6.0223320519861,3.1850631521142,4.649460003661,6.0040270913418,1.6840563792788
comfort,5.7571359458152,2.2012578616352,6.3134978229318,5.732946298984,3.1446540880503,6.2167392356072,3.0237058538945,8.9259796806967,2.2980164489598,5.5636187711659,5.8055152394775,2.8301886792453,8.6357039187228,5.5394291243348,2.1528785679729,3.0237058538945,12.820512820513,7.3536526366715,2.6608611514272
commerce,2.0531807472232,3.8370918882531,9.8283406260518,2.3897677549647,2.4234264557388,3.8707505890273,6.2268596432178,23.527431841131,5.7892965331538,2.457085156513,9.2561427128913,2.5917199596096,4.2746549983171,2.3561090541905,6.5297879501851,3.0966004712218,3.5005048805116,1.78391114103,4.2073375967688
compelling,3.5922766052986,6.7355186349349,7.9928154467894,3.5473731477324,5.1189941625505,3.861697350696,2.7391109115402,3.9515042658285,5.0291872474181,6.55590480467,6.8702290076336,1.5716210148181,5.5680287382128,7.4539739559946,16.92860350247,1.3022002694207,5.0740907049843,1.5716210148181,4.5352492141895
competent,2.7598896044158,4.4158233670653,13.983440662374,3.771849126035,1.6559337626495,3.4038638454462,5.9797608095676,6.623735050598,2.6678932842686,4.0478380864765,17.203311867525,2.2999080036799,6.0717571297148,2.6678932842686,4.6918123275069,5.1517939282429,6.8077276908924,3.4958601655934,2.2999080036799
confident,2.9241379310345,7.1448275862069,10.868965517241,2.6758620689655,4.9655172413793,2.5655172413793,3.1724137931034,4.551724137931,3.751724137931,4.4965517241379,11.11724137931,1.0758620689655,3.8344827586207,4.1103448275862,18.289655172414,1.1586206896552,3.0896551724138,2.7310344827586,7.4758620689655
consequence,2.1936696960201,12.190535882169,3.9486054528361,5.8288937637104,2.6010654967095,2.1936696960201,8.7120025070511,4.6380445001567,2.3503603885929,7.7405202130993,4.7007207771858,3.1964901284864,5.0767784393607,4.105296145409,16.546537135694,3.9486054528361,4.7007207771858,2.4130366656221,2.9144468818552
conservative,1.8382352941176,11.554621848739,6.1624649859944,3.8340336134454,1.313025210084,1.0679271708683,18.504901960784,3.3963585434174,1.3830532212885,5.5322128851541,15.038515406162,4.5343137254902,1.7331932773109,1.5231092436975,6.0224089635854,7.1603641456583,3.7289915966387,4.656862745098,1.015406162465
contemporary,5.7069690872508,8.3409548198281,5.8533016279495,2.3413206511798,5.5240534113774,3.2558990305469,8.286080117066,2.3047375160051,5.0667642216938,2.3596122187671,2.9998170843241,2.6339857325773,4.8289738430583,4.6460581671849,4.1521858423267,9.2921163343699,6.8776294128407,12.310224986281,3.2193158953722
cookie,1.1243386243386,2.2156084656085,2.281746031746,15.046296296296,3.3399470899471,10.482804232804,1.5873015873016,1.4550264550265,1.2566137566138,10.813492063492,1.1574074074074,7.5066137566138,28.968253968254,1.8849206349206,3.0753968253968,1.0582010582011,1.1243386243386,2.0502645502646,3.5714285714286
corporate,1.356050069541,11.05702364395,10.413769123783,1.6515994436718,1.269123783032,1.3386648122392,20.531988873435,3.4248956884562,1.5299026425591,2.7642559109875,20.462447844228,1.8254520166898,2.0340751043115,1.63421418637,3.1293463143255,6.7802503477051,4.0507649513213,3.3205841446453,1.4255910987483
cottage,2.2401433691756,1.6666666666667,1.7383512544803,11.487455197133,1.6666666666667,6.2903225806452,2.921146953405,11.917562724014,2.0609318996416,8.3333333333333,1.0394265232975,17.114695340502,8.8709677419355,1.326164874552,1.7383512544803,3.1362007168459,3.9068100358423,9.5878136200717,2.9569892473118
crass,2.2450288646568,8.2531537310242,2.4802223647637,4.8749198203977,7.8896728672226,2.2022664100919,7.4406670942912,5.0032071840924,7.2482360487492,5.751550138978,1.5394483643361,15.009621552277,4.5969638657259,3.3996151379089,9.7284584135129,3.3354714560616,2.587128501176,2.2236476373744,4.1907205473594
creative,7.7004405286344,3.1718061674009,6.2378854625551,1.6387665198238,13.057268722467,4.8810572687225,1.4449339207048,3.8237885462555,10.502202643172,1.0748898678414,1.9559471365639,1.1101321585903,8.6519823788546,8.863436123348,7.2070484581498,1.0044052863436,3.7885462555066,2.9251101321586,10.960352422907
cute,9.379337695816,1.6061867935753,2.3200475907198,1.1302795954789,52.905016855047,3.2520325203252,1.1699385286536,1.1501090620662,2.8951021217529,0.71386079714456,1.6061867935753,0.45607773150902,3.1727146539758,4.0253817172318,2.5183422565933,0.8130081300813,1.6656751933373,1.6260162601626,7.5946857029546
dance,5.598059339429,2.5564470983392,4.1798843067737,1.922000373204,27.505131554394,3.3588356036574,1.548796417242,1.5861168128382,5.7660011196119,1.9779809665982,1.8846799776078,0.52248553834671,4.9636126142937,11.606643030416,11.27075947005,0.82104870311625,2.0899421533868,1.5674566150401,9.274118305654
dangerous,0.39314799213704,9.519797809604,0.8424599831508,2.8924459421511,1.404099971918,1.0671159786577,1.6568379668632,1.2636899747262,1.2917719741646,7.3013198539736,1.2636899747262,1.0390339792193,1.9095759618085,1.5445099691098,60.797528784049,0.47739399045212,0.64588598708228,0.58972198820556,4.0999719180006
decadent,1.6403162055336,9.4466403162055,2.0750988142292,5.296442687747,8.7944664031621,3.5177865612648,7.1541501976285,2.2332015810277,1.9169960474308,9.7233201581028,2.9644268774704,6.1660079051383,4.0909090909091,19.367588932806,7.0158102766798,2.4901185770751,2.3715415019763,1.8577075098814,1.8774703557312
decisive,2.2318214542837,17.386609071274,8.7473002159827,2.6637868970482,2.0518358531317,1.511879049676,3.3117350611951,4.8956083513319,3.5637149028078,5.939524838013,11.807055435565,1.0799136069114,3.2397408207343,2.8797696184305,17.494600431965,1.4758819294456,3.0597552195824,3.959683225342,2.6997840172786
deep,1.0634762379528,18.278497839814,5.1844466600199,1.0302426055168,1.362578929877,0.5317381189764,2.3928215353938,1.8610834164174,0.76437354602858,5.8823529411765,46.061814556331,0.73113991359256,1.1964107676969,5.217680292456,1.6949152542373,0.86407444333666,3.8551013625789,1.362578929877,0.66467264872051
devil,0.71254071661238,16.775244299674,0.95684039087948,4.2345276872964,1.5675895765472,0.54967426710098,1.6490228013029,0.99755700325733,0.814332247557,18.464983713355,0.99755700325733,0.67182410423453,0.69218241042345,1.6693811074919,46.335504885993,0.69218241042345,0.75325732899023,0.83469055374593,0.63110749185668
discount,2.8257978723404,2.3936170212766,4.3550531914894,2.2938829787234,2.9255319148936,4.2220744680851,2.6928191489362,6.3497340425532,9.5079787234043,2.4601063829787,2.3271276595745,1.5292553191489,5.2526595744681,1.4960106382979,30.817819148936,1.8617021276596,1.7952127659574,1.8284574468085,13.065159574468
disgust,1.0226049515608,8.5037674919268,1.0495156081808,5.2475780409042,2.9870828848224,2.0182992465016,4.0635091496233,5.4359526372443,4.0904198062433,5.9741657696448,1.1033369214209,41.980624327234,3.5791173304629,2.8525296017223,4.3326157158235,0.94187298170075,2.3950484391819,0.80731969860065,1.6146393972013
dismal,0.92555331991952,15.734406438632,1.7706237424547,2.2736418511066,1.5291750503018,1.1066398390342,38.269617706237,1.6096579476861,1.2072434607646,2.7766599597586,3.6217303822938,11.569416498994,1.4486921529175,2.5150905432596,1.6096579476861,5.8953722334004,4.1448692152918,1.1468812877264,0.84507042253521
dog,1.406964474147,8.8287020752726,2.7787548364404,17.164966584594,1.195919803025,4.0450228631727,4.9243756595146,2.2863172704889,1.301442138586,15.01934576152,2.3918396060499,12.170242701372,12.803376714738,1.1607456911713,3.0249736194161,2.2159690467816,1.3366162504397,3.0601477312698,2.8842771720014
drunk,2.4752475247525,9.5806639487478,2.9994175888177,4.7757716948165,5.5037856726849,4.1059988351776,5.9697146185207,4.3680838672103,4.3680838672103,5.9988351776354,3.5818287711124,17.559697146185,7.0471753057659,5.7367501456028,6.1735585323238,2.0675596971462,2.970297029703,1.4851485148515,3.2323820617356
dublin,1.3827160493827,2.2222222222222,2.1728395061728,2.0246913580247,1.4320987654321,1.2592592592593,4.8888888888889,52.938271604938,10.41975308642,1.5802469135802,2.3703703703704,3.7283950617284,2.962962962963,1.2345679012346,2.0740740740741,2.1975308641975,3.0617283950617,0.91358024691358,1.1358024691358
duty,0.8966934429292,8.5933121614048,7.453764244349,3.493368204745,1.3824023911825,1.8494302260415,13.824023911825,7.3977209041659,1.4010835045769,5.9032318326172,18.176723332711,8.5559499346161,2.764804782365,2.6713992153932,5.3054362039978,3.0823837100691,3.4746870913506,2.1296469269568,1.6439379787035
dynamic,4.883504193849,3.5414725069897,8.9655172413793,1.6029822926375,7.2693383038211,3.1314072693383,1.7707362534949,2.7027027027027,8.9841565703635,2.4044734389562,2.9077353215284,0.74557315936626,6.0391425908667,3.8769804287046,26.020503261883,1.3233923578751,1.8639328984157,1.3606710158434,10.605778191985
earthy,0.92286261535783,2.4203378025422,2.507400313425,11.544488943061,1.8457252307157,1.1666376458297,2.1417377677172,21.22584015323,2.4725753090719,8.6366010795751,1.4626501828313,32.126066515758,3.9178129897266,1.3755876719485,2.4725753090719,0.71391258923907,1.3233501654188,0.66167508270939,1.0621626327703
easy,13.61530715005,1.9738167170191,6.3041289023162,0.94662638469285,4.7331319234642,5.0956696878147,1.5105740181269,6.0825780463243,17.139979859013,0.92648539778449,1.8126888217523,0.62437059415911,3.6656596173212,1.570996978852,2.5579053373615,3.8469284994965,2.920443101712,12.668680765358,12.004028197382
eclectic,6.3765373699149,3.7842951750237,5.3736991485336,2.9139072847682,13.434247871334,3.5572374645222,3.1220435193945,3.3869441816462,8.5525070955535,1.8543046357616,2.6111636707663,3.7842951750237,7.5307473982971,11.012298959319,4.1816461684011,2.1759697256386,4.7114474929044,2.8949858088931,8.7417218543046
efficient,4.0456769983687,6.0358890701468,11.745513866232,1.5986949429038,1.8597063621533,2.7406199021207,6.8189233278956,9.9510603588907,8.4828711256117,1.9902120717781,8.5807504078303,1.468189233279,4.0456769983687,2.0228384991843,4.3393148450245,5.7096247960848,4.6003262642741,8.6786296900489,5.2854812398042
elegant,2.217218084185,23.315433916508,2.5636584098389,3.1699289797332,3.3258271262775,2.1825740516196,5.7509094058548,1.7495236445522,0.90074484670016,5.6123332755933,6.9114844967954,1.0566429932444,1.8361337259657,14.307985449506,2.4770483284254,5.4217910964836,5.7855534384202,10.185345574225,1.2298631560714
elite,2.8979507348375,14.800248395777,7.6381701511074,2.1113641068102,2.7323535499897,4.7195197681639,4.3676257503622,3.1049472158973,2.1941626992341,4.3883253984682,11.302007865866,1.4075760712068,3.2084454564272,11.633202235562,4.4918236389981,3.7259366590768,3.498240529911,8.0728627613331,3.7052370109708
enduring,2.8077753779698,10.237580993521,5.658747300216,5.2699784017279,1.511879049676,3.1533477321814,7.645788336933,8.682505399568,2.6781857451404,7.4730021598272,10.496760259179,4.4924406047516,4.2764578833693,4.4924406047516,5.3563714902808,3.5421166306695,6.3930885529158,3.8444924406048,1.9870410367171
energetic,3.4470567438572,1.4318543397561,5.3385186494608,0.72476577691356,6.4345059218667,4.3485946614813,0.91921513169524,1.8561074774616,14.159448470921,1.0252784161216,1.1843733427612,0.30051263920806,6.5759236344352,1.3257910553297,21.902068234046,0.49496199398975,0.67173413470037,0.61870249248718,27.240586883507
entrepreneur,3.7420382165605,6.5684713375796,10.370222929936,2.3089171974522,3.3240445859873,2.9458598726115,6.9864649681529,10.270700636943,6.5883757961783,3.7420382165605,9.9124203821656,1.8511146496815,4.7173566878981,4.2396496815287,9.156050955414,2.687101910828,4.3391719745223,1.8113057324841,4.4386942675159
environmental,1.6415868673051,1.5902872777018,2.2058823529412,0.63269493844049,1.0601915184679,0.88919288645691,2.0177838577291,60.379616963064,13.696990424077,0.76949384404925,0.95759233926129,5.4206566347469,1.2140902872777,0.95759233926129,1.4705882352941,1.0259917920657,2.0519835841313,1.0088919288646,1.0088919288646
erotic,1.2468827930175,5.5361596009975,1.3965087281796,4.713216957606,14.513715710723,3.9401496259352,1.1221945137157,0.92269326683292,1.5461346633416,12.418952618454,1.3715710723192,0.72319201995012,1.4214463840399,8.7032418952618,37.007481296758,0.59850374064838,0.94763092269327,0.79800498753117,1.072319201995
excited,3.4960070984916,1.6858917480035,2.6441881100266,0.88731144631766,13.04347826087,3.2120674356699,1.153504880213,1.2777284826974,9.0505767524401,2.3070097604259,0.88731144631766,0.301685891748,4.2945874001775,1.9698314108252,29.742679680568,0.55013309671695,0.99378881987578,1.1357586512866,21.366459627329
expensive,1.9565684798968,13.803483121909,2.859600086003,2.1285745001075,3.2681143840034,7.5037626316921,3.3541173941088,8.8798107933778,2.795097828424,5.719200172006,5.2031821113739,2.2360782627392,5.3966888841109,10.27735970759,10.4493657278,2.2145775102129,1.9565684798968,4.5366587830574,5.46119114169
experience,3.0844155844156,5.974025974026,7.5974025974026,3.8636363636364,2.0454545454545,3.2792207792208,7.7597402597403,8.3441558441558,4.7402597402597,6.038961038961,14.577922077922,2.9220779220779,4.512987012987,5.3571428571429,4.3181818181818,3.2792207792208,5.5844155844156,2.9220779220779,3.7987012987013
fall,0.87490692479523,4.4862248696947,1.5078183172003,15.990320178704,1.02382725242,2.9039463886821,2.8481012658228,2.8108711839166,0.78183172002978,12.565152643336,1.1727475800447,10.889798957558,31.478034251675,1.3588979895756,4.1697691734922,1.5450483991065,1.451973194341,1.0982874162323,1.042442293373
familiar,3.1674208144796,2.8193525931082,9.5022624434389,4.6641141663766,3.6199095022624,6.4044552732336,3.1674208144796,11.242603550296,3.3066481030282,3.7939436129481,6.7177166724678,2.4016707274626,9.9895579533589,4.5945005221023,4.8033414549252,3.2022276366168,6.6829098503307,4.6989209885137,5.2210233205708
fast,5.2486730882642,2.9880086494987,7.1161784942009,0.98289758207195,2.2999803420484,2.1623746805583,1.6905838411638,1.926479260861,8.1580499311972,1.7495576960881,2.1623746805583,0.33418517790446,3.0076666011402,1.2777668566935,39.060349911539,1.5726361313151,1.1598191468449,4.6785924906625,12.423825437389
fear,1.2445550715619,29.122588674549,1.9912881144991,3.1113876789048,1.5556938394524,1.3690105787181,4.9159925326696,1.6179215930305,1.30678282514,5.9116365899191,3.6092097075296,3.3602986932172,2.2401991288115,4.7293092719353,24.144368388301,1.6179215930305,1.6801493466086,2.4891101431238,3.9825762289981
female,2.9953917050691,1.5207373271889,1.7511520737327,2.7649769585253,51.543778801843,1.8202764976959,0.96774193548387,1.9815668202765,1.6820276497696,2.1889400921659,1.5207373271889,0.48387096774194,1.5437788018433,11.382488479263,9.1244239631336,0.69124423963134,1.6359447004608,2.1889400921659,2.2119815668203
football,1.3488080301129,4.7992471769134,5.99121706399,9.4730238393977,0.87829360100376,1.4429109159348,2.1329987452949,25.188205771644,6.3676286072773,10.508155583438,3.8582183186951,4.7678795483061,4.4855708908407,1.0664993726474,8.1869510664994,1.1606022584693,1.7565872020075,4.4228356336261,2.1643663739021
freedom,12.861993209507,1.8573996405033,16.676652686239,1.517874975035,2.53644897144,2.137008188536,1.2582384661474,5.6121429998003,8.7876972238866,0.99860195725984,4.4337926902337,0.49930097862992,1.5777910924705,1.5777910924705,5.8717795086878,0.99860195725984,1.9572598362293,21.749550629119,7.0900738965448
fresh,20.730117340287,1.3782827342149,4.6377351462097,0.54013782827342,2.2350530825107,2.3468057366362,0.74501769417024,9.7969826783386,33.972806854163,0.61463959769045,1.0802756565468,0.40975973179363,1.9742968895511,0.89402123300428,1.9742968895511,0.54013782827342,1.3596572918607,6.984540882846,7.785434904079
friendly,6.8870523415978,1.4462809917355,7.2830578512397,1.4979338842975,8.1439393939394,11.398071625344,1.0502754820937,7.5413223140496,9.452479338843,0.87809917355372,2.4449035812672,0.9469696969697,10.158402203857,2.9097796143251,2.9614325068871,0.82644628099174,3.081955922865,1.9283746556474,19.163223140496
fun,6.1577608142494,1.6624257845632,4.4783715012723,0.88210347752332,17.031382527566,5.5810008481764,1.1026293469042,2.0016963528414,11.925360474979,0.72943172179813,1.0008481764207,0.47497879558948,8.1424936386768,2.459711620017,8.5326547921968,0.62765055131467,0.86513994910941,0.57675996607294,25.767599660729
furniture,1.1329152336638,4.5721221930002,1.8814485130488,20.898239935262,1.2745296378717,2.3265223548452,5.3408861015578,2.5288286465709,0.86991705442039,17.823184301032,1.6993728504957,15.719198867085,7.9910985231641,1.7600647380134,1.8814485130488,3.0548250050577,2.99413311754,4.8958122597613,1.355452154562
future,14.137353433836,4.6901172529313,11.524288107203,0.63651591289782,4.3886097152429,3.3165829145729,3.7520938023451,3.7520938023451,6.5661641541039,1.0385259631491,4.6901172529313,0.63651591289782,3.7185929648241,4.2211055276382,3.0485762144054,6.8676716917923,3.249581239531,11.155778894472,8.6097152428811
gay,4.9155145929339,2.1198156682028,1.8125960061444,0.61443932411674,42.365591397849,4.2703533026114,1.7204301075269,1.4132104454685,4.1781874039939,0.61443932411674,1.0138248847926,0.49155145929339,2.5806451612903,8.0798771121352,4.147465437788,0.95238095238095,1.321044546851,1.0752688172043,16.3133640553
generic,1.6293841480254,6.5727699530516,5.8271195802265,1.5465341066004,1.5189174261254,2.1541010770505,18.58602595968,3.6730185031759,2.0988677161005,1.7674675504004,3.2863849765258,3.4520850593759,2.3474178403756,1.7122341894504,3.0930682132008,19.13835956918,2.7340513670257,16.542391604529,2.3198011599006
georgian,1.6078606520768,3.9079946404645,4.3099598034837,8.0839660562751,2.0768200089326,4.2876284055382,5.3372041089772,9.0665475658776,2.1438142027691,10.719071013845,6.9673961589996,7.1907101384547,8.5082626172398,4.5109423849933,7.2577043322912,3.5730236712818,4.2429656096472,4.2652970075927,1.9428316212595
gloomy,0.82108077143403,13.652854687798,1.7376360511743,1.2984533129654,1.8331105594806,1.0311246897078,44.662974985679,1.8522054611419,1.2602635096429,1.8331105594806,3.9908344472026,6.4922665648272,1.336643116288,2.6350964292534,1.4703074279167,6.5113614664884,4.544586595379,1.0884093946916,1.9476799694482
god,4.4160132067685,7.9240610813042,3.9620305406521,0.82542302930252,1.6921172100702,4.250928600908,2.3524556335122,1.6095749071399,1.0524143623607,0.92860090796533,2.4969046636401,0.68097399917458,2.311184482047,2.9921584812216,2.3318200577796,3.0334296326868,1.465125877012,46.925299215848,8.7494841106067
good,5.7320738514384,1.7174753112924,10.583941605839,1.0090167453843,4.0575354229283,5.0450837269214,1.0304851867754,12.988407041649,14.534134821812,1.0304851867754,3.3920137398025,0.72992700729927,4.9592099613568,2.0180334907686,4.4654358093602,1.0734220695578,3.1129240017175,12.301416917132,10.21897810219
goth,0.49802507298643,67.576850420745,1.0475699811094,1.9062339000515,1.528421775717,0.94453031083634,5.7015284217757,1.3395157135497,0.87583719732097,3.6063884595569,1.3223424351709,4.3104928730895,1.0475699811094,2.3355658595226,1.8718873432938,1.1506096513824,0.96170358921518,0.9273570324575,1.0475699811094
government,0.72648733555861,14.765364225407,6.0082466129982,2.4936186923228,1.2762615354408,1.0013744354997,23.01197722364,5.163950520322,1.217357156882,4.4963675633222,14.117416061261,4.3785588062046,1.6100530139407,1.7278617710583,5.8904378558806,5.8904378558806,2.434714313764,2.9059493422344,0.88356567838209
grace,8.5706230617423,3.1575979701156,4.4262757259656,1.9171130532845,6.371581618269,5.3002537355512,2.1426557654356,2.79109106287,2.3963913166056,1.7479560191711,3.3831406822667,0.90217084860445,3.1294051310967,10.40315759797,2.3681984775867,4.3416972089089,5.8359176769101,25.345362277981,5.4694107696645
great,3.1242603550296,4.5443786982249,9.9644970414201,1.9171597633136,4.094674556213,5.1834319526627,1.7041420118343,6.0828402366864,7.3846153846154,4.0473372781065,6.8639053254438,0.71005917159763,5.9408284023669,6.5325443786982,14.958579881657,1.1834319526627,1.8224852071006,3.6923076923077,10.248520710059
grow,1.4103425117529,1.5222744571301,2.2834116856951,0.96261473024401,1.365569733602,2.1938661293933,2.0371614058652,46.093575106335,22.923662413253,1.723751958809,1.2088650100739,2.9326169688829,2.2610252966197,1.7685247369599,2.5072755764495,0.91784195209313,1.7909111260354,1.1193194537721,2.9773897470338
happy,4.9352467623381,1.4525726286314,4.0777038851943,0.64753237661883,9.4679733986699,8.4529226461323,0.8050402520126,1.907595379769,7.4728736436822,0.50752537626881,0.64753237661883,0.15750787539377,6.002800140007,1.2950647532377,5.8452922646132,0.50752537626881,0.78753937696885,1.7325866293315,43.297164858243
hard,0.8243375858685,30.677134445535,1.6683022571148,3.7487733071639,1.3346418056919,1.0598626104024,15.682041216879,1.2561334641806,1.1187438665358,11.089303238469,4.6516192345437,2.9244357212954,1.5309126594701,1.7664376840039,13.954857703631,2.0804710500491,1.9430814524043,1.2561334641806,1.432777232581
hate,1.0062611806798,28.957960644007,1.2522361359571,3.4436493738819,1.9901610017889,1.0062611806798,3.2200357781753,1.6994633273703,1.6100178890877,11.516100178891,1.4758497316637,2.7728085867621,1.2075134168157,2.3479427549195,32.334525939177,0.64847942754919,0.9391771019678,0.80500894454383,1.7665474060823
hazardous,1.3637628722516,4.8149178959087,1.892568883941,1.9760645699972,2.0317283607014,3.423323128305,1.892568883941,1.8369050932368,4.2582799888672,3.785137767882,1.1967715001392,1.530754244364,6.2343445588645,2.1708878374617,46.896743668244,0.64013359309769,1.2246033954912,0.91845254661842,11.912051210687
hippie,2.8040540540541,2.1283783783784,1.8918918918919,2.4324324324324,14.932432432432,5.9121621621622,1.1486486486486,9.8986486486486,11.959459459459,1.7567567567568,1.4864864864865,9.3918918918919,8.6824324324324,7.9054054054054,3.2432432432432,0.81081081081081,1.8918918918919,1.0472972972973,10.675675675676
hockey,8.1753186198321,8.8902704382965,10.071495181846,2.3002797637551,1.274479328567,1.616412806963,3.5436742306497,7.2427727696612,2.7976375505129,3.2017407522537,5.7506994093876,1.3677339135841,3.0152315822195,1.5231582219459,10.040410320174,4.6938141125272,2.548958657134,20.23624494871,1.7096673919801
honor,1.5479115479115,4.029484029484,10.44226044226,2.6044226044226,1.2285012285012,8.6486486486486,2.6781326781327,4.5208845208845,1.1793611793612,6.7076167076167,17.813267813268,1.6953316953317,6.2162162162162,8.4520884520885,6.9041769041769,1.8181818181818,2.2850122850123,5.7985257985258,5.4299754299754
hope,11.355081555834,1.7984107068172,7.8419071518193,1.0664993726474,5.4579673776662,5.8343789209536,1.1919698870765,8.3437892095358,10.163111668758,1.0455876202426,2.0911752404852,0.75282308657465,3.7222919280636,3.1785863655374,2.9067335842744,1.0455876202426,2.7603513174404,14.031785863655,15.411961522376
hot,0.65602836879433,1.5425531914894,1.0106382978723,1.8085106382979,1.7730496453901,1.7198581560284,1.0106382978723,0.83333333333333,0.62056737588652,5.3191489361702,0.62056737588652,0.24822695035461,5.0886524822695,1.063829787234,71.081560283688,0.54964539007092,0.54964539007092,0.83333333333333,3.6702127659574
hunting,1.3090909090909,3.5636363636364,1.3090909090909,5.7454545454545,0.58181818181818,1.0909090909091,1.0909090909091,21.018181818182,1.7454545454545,10.472727272727,1.2363636363636,26.036363636364,5.0909090909091,1.0181818181818,13.963636363636,1.0909090909091,1.6,0.87272727272727,1.1636363636364
hurt,0.93091621754042,8.8192062714356,1.984321411073,7.5453209211171,2.0333170014699,1.0289073983341,5.0955414012739,1.3718765311122,1.1024007839294,18.152866242038,3.2092111709946,2.1803037726605,2.0088192062714,3.4296913277805,35.595296423322,1.6168544830965,1.5923566878981,1.0289073983341,1.2738853503185
hygienic,16.220514179698,1.775775245163,5.7778955738139,0.58309037900875,7.6861913596607,0.90113967664988,1.2456930824278,6.8115557911476,4.5852107076597,0.68910681155579,1.5902464882057,0.55658627087199,1.0071561091969,0.98065200106016,1.2456930824278,2.1733368672144,2.5443943811291,41.743970315399,1.88179167771
ignorant,2.3668639053254,13.806706114398,2.4513947590871,3.8602423217808,5.6635672020287,2.2823330515638,13.947590870668,2.3105100028177,3.6630036630037,4.2828965905889,1.6342631727247,12.905043674274,3.0149337841646,2.8740490278952,6.5934065934066,7.0724147647225,2.2823330515638,5.1845590307129,3.803888419273
imagination,15.608180839612,2.6910656620022,6.9537136706136,1.1194833153929,15.672766415501,3.5952637244349,1.6792249730893,2.7987082884822,7.3196986006459,0.94725511302476,2.1743810548977,0.55974165769645,4.0258342303552,9.4725511302476,3.2292787944026,1.1625403659849,2.9063509149623,7.7502691065662,10.333692142088
impossible,2.3865645256335,29.6110783736,2.0329994107248,3.0347672362994,3.4177961107837,1.1196228638774,9.0748379493223,1.266941661756,2.7695934001179,4.5668827342369,2.4749558043606,3.2999410724808,3.0053034767236,3.2999410724808,17.000589275192,2.5044195639364,2.6812021213907,3.8302887448438,2.6222746022392
improbable,3.4919653893696,9.1470951792336,2.2867737948084,5.2533992583436,7.4474660074166,2.5648949320148,13.9369592089,2.3794808405439,4.2027194066749,3.5537700865266,2.9666254635352,7.3238566131026,4.8825710754017,6.1495673671199,6.2731767614339,6.5203955500618,4.9752781211372,3.3065512978986,3.3374536464771
influence,3.3632286995516,7.7354260089686,9.2301943198804,3.0269058295964,3.7742899850523,2.914798206278,4.2227204783259,5.4559043348281,3.1763826606876,5.4559043348281,11.285500747384,1.6816143497758,4.2227204783259,8.9686098654709,13.041853512706,2.0553064275037,4.0732436472347,1.9431988041854,4.372197309417
influential,2.8621908127208,8.2332155477032,9.9293286219081,2.5441696113074,3.4275618374558,2.9681978798587,4.5936395759717,4.8763250883392,3.4275618374558,5.9363957597173,13.957597173145,1.4840989399293,4.4876325088339,8.0918727915194,12.014134275618,1.660777385159,3.5335689045936,2.4381625441696,3.5335689045936
insecure,4.7273781902552,7.9176334106729,1.9721577726218,3.9443155452436,6.0324825986079,4.3793503480278,11.455916473318,1.7691415313225,3.8863109048724,2.7262180974478,2.407192575406,8.6136890951276,4.2343387470998,3.915313225058,6.4095127610209,10.643851508121,5.3654292343387,3.8283062645012,5.7714617169374
inviting,6.6236477509964,1.9168722717783,6.073258682862,3.4351869424938,7.762383754033,9.2427405579806,1.1766938698045,6.3579426836212,6.092237616246,3.5300816094136,2.7709242740558,1.1766938698045,10.400455494401,5.8834693490226,6.9842474852913,1.2715885367242,5.9593850825584,4.6498386790662,8.6923514898463
invulnerable,2.1945432977461,25.355871886121,5.5753262158956,2.135231316726,2.3428232502966,2.0462633451957,9.8161328588375,3.1138790035587,1.8090154211151,4.7153024911032,7.4436536180308,1.8386714116251,2.1945432977461,3.3807829181495,10.320284697509,3.7663107947805,2.3428232502966,6.9395017793594,2.6690391459075
jacobean,1.6420752022846,6.7110899571633,3.3793431699191,7.734412184674,3.0461684911947,2.855782960495,6.8062827225131,4.9500237981913,1.5944788196097,11.994288434079,5.9019514516897,8.4007615421228,5.4259876249405,13.089005235602,4.5454545454545,3.3555449785816,4.0218943360305,2.4512137077582,2.0942408376963
jealous,0.75245996527108,3.7237121358287,1.2926876326452,2.2766737410766,5.2865136021609,2.5853752652904,1.9872660621262,18.502797607563,14.547559328574,5.8653289600617,1.3698630136986,4.4954659463631,2.7397260273973,8.122708855875,17.075053058074,0.84892919158788,1.4084507042254,0.67528458421763,6.4441443179626
joy,7.3260073260073,1.2210012210012,2.4420024420024,0.54945054945055,9.035409035409,11.721611721612,0.67155067155067,1.2820512820513,5.8608058608059,0.97680097680098,1.037851037851,0.48840048840049,7.2649572649573,1.6483516483516,5.1282051282051,0.54945054945055,1.3431013431013,2.0757020757021,39.377289377289
jubilant,3.9976712594605,2.0182418008927,4.0170774306229,0.81505918882205,14.030661750437,7.5295944110227,1.3584319813701,1.7659615757811,7.0250339607995,1.3972443236949,1.2614011255579,0.69862216184747,6.4428488259266,4.1141082864351,10.556957112362,0.75684067533476,1.1255579274209,1.4554628371822,29.63322336503
